function u = uvec_elstat_256dir()
% function u = uvec_elstat_256dir()
%
% Function returns 128 directions in 3D space generated in 
% Explore DTI Ver. 4.8.1 (by Alexander Leemans) using an 
% electrostatic repulsion method. 
% See Jones DK, MRM, 1999.

u = [...   
 -0.97520904	 -0.11115116	  0.19134456
 -0.56186491	  0.37955292	  0.73501524
  0.23265536	  0.08731138	 -0.96863213
  0.90146630	 -0.35247151	 -0.25124162
  0.68977783	 -0.31052469	 -0.65404966
 -0.33490207	  0.19147966	  0.92259208
  0.40836267	  0.31147195	 -0.85803564
  0.46593029	  0.86080998	  0.20473186
 -0.78546549	 -0.50947734	  0.35139267
  0.26295628	  0.26238578	 -0.92844369
  0.80665935	  0.55784695	 -0.19521135
 -0.71710629	 -0.69567952	 -0.04229148
 -0.24079847	  0.82895177	 -0.50483172
 -0.17843456	 -0.49975252	 -0.84758983
 -0.05521478	 -0.99731389	  0.04812823
  0.83237907	  0.36488662	 -0.41713648
 -0.17268933	  0.77101543	  0.61295481
  0.93285409	 -0.30271980	  0.19530480
  0.42031256	  0.69830380	 -0.57940414
 -0.24340957	  0.96950063	 -0.02864097
  0.86008803	 -0.44539298	  0.24874420
 -0.38716428	 -0.11077941	 -0.91533149
 -0.30124774	 -0.79648337	  0.52427478
  0.19919243	 -0.63449659	 -0.74681755
  0.06671703	  0.02985056	  0.99732531
  0.93426144	 -0.19917206	 -0.29578042
  0.77584062	  0.29289022	 -0.55882613
  0.65279291	 -0.75378162	 -0.07533056
 -0.14554799	  0.55211150	 -0.82096813
 -0.70415657	 -0.65145684	  0.28243144
  0.68754881	 -0.42813151	  0.58649812
  0.35237214	 -0.03831081	  0.93507548
 -0.02014000	  0.30337917	  0.95265705
 -0.11635671	 -0.20484454	  0.97185381
 -0.27124895	  0.72879830	 -0.62871062
 -0.42612258	  0.64191905	 -0.63746332
  0.59930474	  0.79120790	  0.12175335
  0.19338220	  0.93545099	 -0.29586277
 -0.96185170	  0.23653369	  0.13745226
  0.71367682	 -0.14938933	 -0.68435972
  0.88742735	  0.45672623	  0.06224017
 -0.34595587	 -0.93711358	  0.04618076
 -0.20146192	 -0.97890143	 -0.03413347
  0.71737442	  0.68604198	 -0.12132744
  0.66857658	  0.37738084	 -0.64077224
  0.94564065	  0.32474103	 -0.01752183
  0.45362029	 -0.65766728	 -0.60141697
 -0.88978795	 -0.44393081	  0.10584343
  0.72976457	  0.45633159	 -0.50912194
 -0.63634029	 -0.01192577	 -0.77131628
 -0.45410682	  0.28934874	  0.84265313
  0.65431203	 -0.71917195	 -0.23381077
 -0.13207248	 -0.37090949	  0.91922957
 -0.91358501	  0.03906795	 -0.40476675
  0.90427324	 -0.41942039	  0.07985267
  0.30999367	 -0.18467959	  0.93262928
  0.72357054	  0.02367359	 -0.68984435
  0.44961249	  0.58183039	 -0.67773299
 -0.34061034	 -0.91627374	  0.21077722
 -0.15933736	  0.24873964	 -0.95537437
 -0.00416876	 -0.61111351	  0.79153199
 -0.50680839	  0.78055195	 -0.36590150
 -0.74182881	 -0.50168548	 -0.44497382
 -0.84372447	  0.49810269	  0.20005682
  0.97857214	 -0.14799047	  0.14316209
 -0.33745171	 -0.52328221	 -0.78249733
  0.25091476	 -0.95887691	 -0.13265310
 -0.32356676	 -0.90227054	 -0.28497794
  0.48119439	 -0.13250817	 -0.86654114
  0.14904354	  0.83332699	  0.53230833
  0.64959316	 -0.46162597	 -0.60409453
 -0.99737024	 -0.03763380	  0.06193794
  0.70167053	  0.68253274	  0.20446889
  0.67725802	 -0.55292698	  0.48537958
 -0.16391917	 -0.77545681	  0.60975178
 -0.48948633	 -0.52972306	 -0.69267353
 -0.43502161	 -0.82148428	 -0.36867300
 -0.34660965	  0.77761588	  0.52457154
  0.45065396	 -0.20615970	  0.86856731
 -0.39248351	  0.91744714	  0.06517235
  0.09421327	 -0.98773453	  0.12451646
 -0.74770462	  0.59077744	  0.30318281
 -0.25592087	  0.49766721	  0.82875319
 -0.36491955	 -0.64558716	 -0.67085836
 -0.09010567	  0.95403376	 -0.28583308
  0.78318700	  0.19865627	  0.58919759
 -0.58338464	 -0.72729589	  0.36152876
  0.38354880	 -0.91849868	  0.09617953
 -0.09654682	  0.99460016	  0.03806879
 -0.53950247	 -0.71971322	 -0.43697822
 -0.97217126	 -0.14643158	 -0.18286835
  0.01305211	 -0.31283276	  0.94971854
 -0.53005673	  0.79003382	  0.30803640
  0.78104026	 -0.21143100	  0.58759939
 -0.96765167	  0.01309920	 -0.25194970
 -0.03857313	 -0.89826525	 -0.43775753
 -0.55853323	 -0.26119170	 -0.78728618
 -0.13969315	  0.40618896	  0.90304837
  0.15091575	 -0.40740919	  0.90068984
  0.84706499	 -0.53027865	 -0.03585329
 -0.78638861	  0.46144566	 -0.41068340
 -0.86187638	 -0.08858336	 -0.49932163
 -0.57467526	 -0.40123256	 -0.71327469
 -0.36743366	  0.83774859	 -0.40394282
 -0.76841289	 -0.36262012	 -0.52730284
  0.14828371	  0.52441722	 -0.83845007
  0.81779272	 -0.44834230	 -0.36083827
 -0.80561823	 -0.57688477	 -0.13484517
 -0.34006682	 -0.93278802	 -0.11941972
  0.30085618	 -0.34975260	 -0.88721963
 -0.24436243	  0.86192640	  0.44426330
 -0.63105105	  0.67028753	  0.39049865
 -0.29334786	 -0.38474273	 -0.87516859
 -0.14009605	 -0.34859114	 -0.92674555
 -0.41661644	  0.43758292	  0.79683871
 -0.25552015	  0.92235074	  0.28979055
  0.82405397	 -0.55110807	  0.13120574
 -0.63586730	  0.76708691	 -0.08514953
 -0.60703841	 -0.79356025	  0.04202976
  0.99542279	  0.01286739	  0.09469902
 -0.43593782	  0.51805192	 -0.73592148
 -0.54386388	 -0.45120061	  0.70755219
 -0.53019865	 -0.11383996	 -0.84019632
 -0.22836192	 -0.07707789	 -0.97052039
  0.86435490	  0.20229518	 -0.46039903
 -0.21853658	 -0.62885780	 -0.74617667
  0.28890470	 -0.61180708	  0.73636008
  0.44654305	  0.78102048	 -0.43658483
 -0.05674874	  0.14233383	  0.98819060
 -0.15239296	 -0.65611048	  0.73911800
  0.52187519	 -0.85295819	  0.01042158
  0.49747666	 -0.73422169	 -0.46199078
 -0.20290600	 -0.97037253	  0.13117281
 -0.18089100	 -0.91350190	 -0.36440735
 -0.30013773	  0.33346312	 -0.89371119
 -0.09188106	  0.55204947	  0.82873353
  0.83940180	  0.39443328	  0.37393449
 -0.75266430	  0.65811416	 -0.01954991
  0.11186782	 -0.79417049	  0.59730966
 -0.57653844	 -0.76629846	 -0.28353147
 -0.62672308	 -0.59401766	 -0.50434235
 -0.91683679	 -0.27205516	 -0.29222642
 -0.56931379	  0.43128704	 -0.69990950
  0.10378659	  0.19218183	  0.97585577
  0.79793658	 -0.22915995	 -0.55747909
  0.55079717	  0.66010658	 -0.51076588
 -0.29260824	 -0.68518909	  0.66700549
  0.53350093	 -0.83225868	 -0.15073902
  0.64909644	  0.47281577	  0.59591867
 -0.67603994	 -0.59426854	  0.43567753
  0.76274533	 -0.57079492	  0.30399460
  0.49784244	  0.02851003	 -0.86679876
  0.39973051	 -0.88938302	 -0.22184084
 -0.43237766	  0.37741270	 -0.81890733
  0.44107383	  0.40186204	  0.80247166
  0.96099969	 -0.27498660	  0.02935928
  0.67421345	  0.64595300	  0.35802366
  0.98464834	  0.17426060	  0.01004483
 -0.75986700	 -0.04712995	 -0.64836788
 -0.94429459	 -0.29932772	 -0.13678684
 -0.50805383	  0.84247768	 -0.17920009
 -0.69449121	 -0.21667239	  0.68610133
  0.39172314	 -0.84021875	 -0.37494724
  0.26353987	  0.23299567	  0.93608747
  0.05546451	  0.97573266	 -0.21182414
  0.87632148	  0.42883709	  0.21945255
  0.46918191	  0.83610091	 -0.28425973
  0.68796483	  0.30860754	  0.65686055
  0.30341560	 -0.69746205	 -0.64921928
  0.60982052	 -0.75129924	  0.25232595
  0.24103678	 -0.95134056	  0.19196983
 -0.76586661	  0.38549216	  0.51463009
  0.93802001	 -0.17309883	  0.30025866
 -0.29948543	 -0.56317053	  0.77016065
 -0.87175272	  0.19330472	 -0.45020049
 -0.10300255	  0.97484504	  0.19765530
  0.10539448	 -0.93002896	 -0.35204848
  0.59004545	 -0.60264738	 -0.53727322
  0.05100720	  0.99191632	  0.11619074
 -0.35786870	  0.02646575	  0.93339679
  0.47953144	  0.87662061	  0.03982350
 -0.10383025	  0.85888427	  0.50153474
 -0.87693938	 -0.40758127	  0.25466613
  0.81014112	 -0.06210058	 -0.58293643
  0.62236351	  0.11027799	 -0.77492092
 -0.03273396	  0.14270045	 -0.98922448
 -0.88296208	  0.13691276	  0.44903548
  0.91689717	 -0.38924371	 -0.08825482
 -0.87642377	  0.32526801	 -0.35508041
 -0.83111673	  0.06122225	 -0.55271767
  0.18066787	 -0.25004160	 -0.95122990
  0.51615281	 -0.52428271	 -0.67728423
 -0.50574576	 -0.18968915	  0.84156952
 -0.60397432	 -0.53700555	  0.58893128
  0.17635412	  0.87198995	 -0.45665386
  0.21068326	 -0.08461377	 -0.97388555
 -0.56911841	 -0.30561333	  0.76335099
 -0.11026471	 -0.72365653	 -0.68129503
