function u = uvec_tricosa()

u = [...
0.0000000000 0.2017741062 0.9794320855 
0.0000000000 0.2017741062 -0.9794320855 
0.2017741062 0.9794320855 0.0000000000 
0.2017741062 -0.9794320855 0.0000000000 
0.9794320855 0.0000000000 0.2017741062 
-0.9794320855 0.0000000000 0.2017741062 
0.4035482123 0.8547288298 0.3264773618 
0.4035482123 -0.8547288298 0.3264773618 
0.4035482123 0.8547288298 -0.3264773618 
0.4035482123 -0.8547288298 -0.3264773618 
0.8547288298 0.3264773618 0.4035482123 
-0.8547288298 0.3264773618 0.4035482123 
0.8547288298 -0.3264773618 0.4035482123 
-0.8547288298 -0.3264773618 0.4035482123 
0.3264773618 0.4035482123 0.8547288298 
0.3264773618 0.4035482123 -0.8547288298 
-0.3264773618 0.4035482123 0.8547288298 
-0.3264773618 0.4035482123 -0.8547288298 
0.2017741062 0.7300255742 0.6529547237 
0.2017741062 -0.7300255742 0.6529547237 
0.2017741062 0.7300255742 -0.6529547237 
0.2017741062 -0.7300255742 -0.6529547237 
0.7300255742 0.6529547237 0.2017741062 
-0.7300255742 0.6529547237 0.2017741062 
0.7300255742 -0.6529547237 0.2017741062 
-0.7300255742 -0.6529547237 0.2017741062 
0.6529547237 0.2017741062 0.7300255742 
0.6529547237 0.2017741062 -0.7300255742 
-0.6529547237 0.2017741062 0.7300255742 
-0.6529547237 0.2017741062 -0.7300255742    
    ];

